birds,0.00408348457350272,0.0024137931034482756,5.17241379310345E-4
birds,0.006715063520871146,0.004482758620689655,0.001206896551724138
birds,0.005172413793103447,0.0017241379310344827,3.448275862068966E-4
birds,0.0053539019963702375,0.003793103448275863,6.896551724137932E-4
birds,0.005081669691470055,0.00413793103448276,0.0015517241379310344
birds,0.0029894012138780685,0.0020654044750430295,0.0
birds,0.004348219947459008,0.0020654044750430295,0.0
birds,0.004529395778603135,0.00189328743545611,0.0
birds,0.003985868285170758,0.002237521514629949,0.0
birds,0.005978802427756139,0.002925989672977625,0.001549053356282272
