cal500,0.016795371715472632,0.019068736141906868,6.65188470066519E-4
cal500,0.016642454825802178,0.023503325942350328,0.0011086474501108647
cal500,0.015296002441257249,0.015929203539823,8.849557522123895E-4
cal500,0.015652019123181767,0.01769911504424779,4.4247787610619474E-4
cal500,0.01618604414606856,0.02876106194690265,0.0
cal500,0.016643779879971513,0.025663716814159285,2.2123893805309737E-4
cal500,0.017215949547350215,0.030088495575221235,0.0
cal500,0.016631064998474217,0.024557522123893803,2.2123893805309737E-4
cal500,0.015919031634625165,0.016371681415929203,8.849557522123895E-4
cal500,0.014761977418370459,0.01747787610619469,0.0
