emotions,0.021888680425265785,0.014071294559099433,0.00600375234521576
emotions,0.021263289555972488,0.01819887429643527,0.005628517823639775
emotions,0.02188868042526579,0.019136960600375237,0.0073170731707317095
emotions,0.024032459425717852,0.017228464419475654,0.012546816479400747
emotions,0.024344569288389514,0.015917602996254682,0.013295880149812736
emotions,0.022784019975031215,0.014232209737827715,0.008801498127340825
emotions,0.019350811485642945,0.015168539325842693,0.007303370786516853
emotions,0.021223470661672905,0.01647940074906367,0.011610486891385767
emotions,0.016853932584269666,0.02059925093632959,0.00599250936329588
emotions,0.021535580524344563,0.02041198501872659,0.005992509363295881
