flags,0.03366174055829228,0.009770114942528737,0.007471264367816092
flags,0.029556650246305417,0.023563218390804597,0.014367816091954023
flags,0.022988505747126433,0.019540229885057474,0.009195402298850576
flags,0.030377668308702786,0.014942528735632184,0.008045977011494254
flags,0.026122448979591834,0.01485714285714286,0.0034285714285714284
flags,0.029387755102040815,0.016571428571428574,0.009714285714285715
flags,0.015510204081632648,0.012,0.005714285714285714
flags,0.031020408163265303,0.013714285714285714,0.008
flags,0.029387755102040808,0.013714285714285717,0.0068571428571428585
flags,0.02285714285714285,0.018857142857142854,0.010285714285714285
