genbase,1.8674136321195143E-4,0.0033613445378151263,6.722689075630252E-4
genbase,0.0,0.0,0.0
genbase,0.0,0.004362416107382551,0.0
genbase,1.8642803877703205E-4,0.0018456375838926176,0.001006711409395973
genbase,1.2428535918468804E-4,0.0,6.711409395973155E-4
genbase,1.8642803877703205E-4,8.389261744966443E-4,8.389261744966443E-4
genbase,2.4857071836937607E-4,0.0,3.3557046979865775E-4
genbase,0.0,0.0,0.0
genbase,2.4857071836937607E-4,0.0021812080536912754,3.3557046979865775E-4
genbase,3.107133979617201E-4,0.0,3.3557046979865775E-4
