medical,9.595959595959598E-4,0.008295454545454543,0.0035227272727272733
medical,9.848484848484847E-4,0.00818181818181818,0.0037500000000000007
medical,0.00101010101010101,0.008749999999999999,0.0030681818181818193
medical,0.0011363636363636363,0.010227272727272727,0.0032954545454545463
medical,0.0014141414141414137,0.00909090909090909,0.004204545454545456
medical,0.0015404040404040401,0.009886363636363634,0.0030681818181818184
medical,0.0010353535353535353,0.010568181818181819,0.0027272727272727275
medical,0.0013383838383838383,0.009318181818181817,0.006477272727272727
medical,9.332828856097869E-4,0.012145289443813847,0.003632236095346198
medical,0.0010846260562492117,0.009534619750283767,0.003972758229284904
