scene
scene,0.015235457063711922,0.016158818097876285,0.0057710064635272396
scene,0.006925207756232686,0.008956602031394279,0.0020313942751615886
scene,0.008618036318867345,0.008956602031394275,0.0024930747922437676
scene,0.015312403816558944,0.015650969529085876,0.006740535549399814
scene,0.02069867651585102,0.020267774699907662,0.009279778393351805
scene,0.01215758694983072,0.014958448753462613,0.003878116343490304
scene,0.006848261003385658,0.00715604801477377,0.0026777469990766386
scene,0.008690970619904623,0.0095523765574527,0.0029533917858790963
scene,0.015382248884786967,0.015597600369173984,0.007152745731425935
scene,0.021612059683125667,0.0180433779418551,0.01015228426395939
