birds,0.00499092558983666,0.002241379310344828,0.0
birds,0.006987295825771326,0.004655172413793104,5.17241379310345E-4
birds,0.005353901996370237,0.0012068965517241378,3.448275862068966E-4
birds,0.005898366606170601,0.001379310344827586,6.896551724137932E-4
birds,0.005263157894736842,0.005517241379310344,6.896551724137932E-4
birds,0.0033517528761663187,8.605851979345956E-4,8.605851979345956E-4
birds,0.00471057160974726,0.0015490533562822718,0.0
birds,0.005072923272035511,0.003098106712564544,0.0012048192771084336
birds,0.005072923272035511,0.0025817555938037868,0.0
birds,0.005978802427756139,0.0018932874354561104,0.002237521514629948
