cal500,0.016119988786094757,0.0022172949002217295,0.0
cal500,0.01596707189642429,0.005099778270509978,8.869179600886918E-4
cal500,0.014774692299867767,0.0042035398230088495,0.0
cal500,0.014965415522327335,0.002654867256637168,0.0
cal500,0.015117994100294987,0.00597345132743363,0.0
cal500,0.01542315125623029,0.0030973451327433637,4.4247787610619474E-4
cal500,0.016300478079544295,0.003539823008849558,0.001991150442477876
cal500,0.015664734004679076,0.009734513274336287,4.4247787610619474E-4
cal500,0.014978130403824636,0.002433628318584071,4.4247787610619474E-4
cal500,0.01393551012104567,0.0022123893805309734,0.0
