emotions,0.020950594121325827,0.011069418386491557,0.00825515947467167
emotions,0.020637898686679174,0.013320825515947467,0.006566604127579739
emotions,0.025015634771732336,0.012195121951219513,0.009568480300187617
emotions,0.02309612983770287,0.015168539325842697,0.008052434456928841
emotions,0.024032459425717856,0.013108614232209742,0.00955056179775281
emotions,0.01997503121098627,0.013483146067415727,0.006367041198501873
emotions,0.02559300873907615,0.013295880149812733,0.007677902621722847
emotions,0.021223470661672912,0.013108614232209735,0.006741573033707866
emotions,0.018414481897627958,0.012734082397003745,0.0050561797752809
emotions,0.023720349563046195,0.009176029962546819,0.010674157303370785
