flags,0.03530377668308703,0.018965517241379314,0.006321839080459771
flags,0.034482758620689655,0.017816091954022988,0.009770114942528737
flags,0.02052545155993431,0.022988505747126436,0.012068965517241383
flags,0.03201970443349754,0.02011494252873563,0.006321839080459771
flags,0.023673469387755098,0.017714285714285717,0.0034285714285714284
flags,0.030204081632653066,0.01657142857142857,0.014285714285714289
flags,0.01714285714285714,0.015428571428571432,0.004571428571428571
flags,0.028571428571428567,0.012571428571428572,0.008000000000000002
flags,0.03346938775510205,0.016,0.006285714285714286
flags,0.025306122448979583,0.018857142857142857,0.004
