genbase,6.847183317771553E-4,0.001008403361344538,0.002184873949579832
genbase,0.0,6.722689075630252E-4,0.0
genbase,0.0011185682326621926,0.005536912751677852,0.0
genbase,8.699975142928163E-4,0.002516778523489933,0.002852348993288591
genbase,2.4857071836937607E-4,6.711409395973155E-4,5.033557046979866E-4
genbase,3.107133979617201E-4,0.0,8.389261744966443E-4
genbase,5.592841163310962E-4,0.0020134228187919465,8.389261744966443E-4
genbase,3.107133979617201E-4,0.0011744966442953021,0.0018456375838926176
genbase,8.078548347004723E-4,0.0030201342281879194,8.389261744966443E-4
genbase,6.835694755157842E-4,0.002516778523489933,0.003355704697986577
