medical,0.0015656565656565645,0.009318181818181817,0.008295454545454545
medical,0.0016414141414141403,0.008749999999999999,0.006931818181818182
medical,0.001691919191919191,0.011363636363636362,0.007272727272727273
medical,0.002247474747474746,0.007272727272727271,0.008295454545454543
medical,0.0018181818181818177,0.012499999999999997,0.005795454545454547
medical,0.002272727272727272,0.011590909090909091,0.007272727272727272
medical,0.0016666666666666657,0.013522727272727271,0.0068181818181818205
medical,0.002045454545454544,0.010568181818181817,0.01
medical,0.0016395510152604365,0.011237230419977295,0.008172531214528943
medical,0.0015134317063942493,0.010102156640181608,0.004426787741203178
