scene,0.01708217913204063,0.01348107109879963,0.007525392428439519
scene,0.00884887657740843,0.004478301015697137,0.004662973222530008
scene,0.007386888273314864,0.007710064635272386,0.0020313942751615886
scene,0.016235764850723314,0.01431209602954755,0.00397045244690674
scene,0.01777469990766389,0.014450600184672209,0.005678670360110802
scene,0.014312096029547562,0.011772853185595568,0.005032317636195754
scene,0.009772237611572797,0.006094182825484761,0.003970452446906741
scene,0.008767881864328564,0.0071988924780802925,0.003691739732348869
scene,0.015074603907091233,0.012413474850023075,0.004245500692201199
scene,0.014459313951699752,0.015828334102445784,0.003968620212275034
