yeast,0.022233169129720867,0.009609195402298857,0.005149425287356321
yeast,0.021609195402298866,0.007586206896551724,0.007402298850574712
yeast,0.02160919540229885,0.010344827586206896,0.006068965517241377
yeast,0.02,0.011218390804597701,0.006344827586206894
yeast,0.02052545155993433,0.009057471264367817,0.005931034482758618
yeast,0.022101806239737308,0.00960919540229885,0.005931034482758619
yeast,0.022167487684729068,0.009701149425287357,0.005839080459770113
yeast,0.022616859243697482,0.010064338235294115,0.005101102941176469
yeast,0.02133665966386556,0.010340073529411768,0.005468749999999998
yeast,0.021041228991596665,0.010018382352941176,0.006295955882352937
